UseItem,UseItemDes,ItemName,UseItemName,ItemAtlas,ItemIcon,ItemFace,ItemEffect,EffectPos,ItemAction,IsVisible,CameraId,CameraTime
道具ID（如果假使用，是无需配置真正的道具ID的）,策划备注用,道具名称，用于UI显示,使用名称，用于UI显示,道具图集（与道具表中图集的意思一样，路径一样）,道具图标（与道具表中图表的意思一样，路径一样）,使用朝向（使用时，走到目标点要校正朝向）,道具使用特效ID（对应EffectTable中的特效ID）,道具使用特效坐标点：场景ID=X=Y=Z（配置坐标点的在坐标点处播放，没配的在目标处播放）,道具使用特殊动作ID（自己的动作）,使用效果是否其他玩家可见,调用镜头ID,调用镜头时间
1000,刺客信条验毒药剂——大王子,验毒药剂,使用,Icon_ItemConsumables01,UI_icon_item_manteliaoshangyao.png,,,,2022,0,,
1001,刺客信条验毒药剂——三王子,验毒药剂,使用,Icon_ItemConsumables01,UI_icon_item_manteliaoshangyao.png,,2690301,41=34.464=13.115=45.04,2022,0,71,2
1002,刺客信条验毒药剂——二王子,验毒药剂,使用,Icon_ItemConsumables01,UI_icon_item_manteliaoshangyao.png,,2690301,41=34.464=13.115=46.778,2022,0,,
1003,刺客信条查看露克茜的死亡报告,报告,查看,Icon_ItemMaterial01,UI_icon_item_weiduoshu.png,,,,2018,0,,
1004,标识任务：神秘宝石,宝石,递上,Icon_ItemConsumables02,UI_icon_item_xingleishi.png,,,,2006,0,,
1005,标识任务：使用乐谱,乐谱,使用,Icon_ItemMaterial01,UI_icon_item_toumingzhibu.png,,,,2018,0,,
1006,海利翁：打开纸条,纸条,打开,Icon_ItemMaterial03,UI_icon_item_Laojiujuanzhou.png,,,,2018,0,,
1007,海利翁：涂抹药剂（已废弃）,显影药剂,涂抹,Icon_ItemMaterial01,UI_icon_item_nianchouyeti.png,,,,2005,0,,
1008,海利翁：使用石心,石心,使用,Icon_ItemMaterial03,UI_icon_item_Shixin.png,,,,2005,0,,
1009,海利翁：齐里亚斯的信物,信物,递上,Icon_ItemMaterial01,UI_icon_item_xinjian.png,,,,2018,0,,
1010,小野猪线给忠实骑士疗伤,疗伤药剂,疗伤,Icon_ItemMaterial01,UI_icon_item_xinaleihua.png,,120022,1=42=6.6=159.4,2005,0,,
1011,鬼女线挂上木牌,木牌,使用,Icon_ItemMaterial04,UI_icon_Mangrenzhizheng.png,,,,2005,0,,
1012,鬼女线打开请柬,请柬,打开,Icon_ItemMaterial04,UI_icon_item_Yizhangqingjian.png,,,,2018,0,,
1013,鬼女线使用灵符,灵符,使用,Icon_ItemMaterial03,UI_icon_item_Fanhunfu.png,,,,2006,0,,
1014,主线第一章治疗露克希,止血草,使用,Icon_ItemMaterial01,UI_icon_item_xinaleihua.png,,120022,4=129=10=121,2006,0,,
1015,主线第一章喂食天堂鸟,鸟食,喂食,Icon_ItemMaterial04,UI_icon_Kunchongwaike.png,,264,,2006,0,,
1016,主线第一章调制鸡尾酒,红粉佳人,拿取,Icon_ItemMaterial04,UI_icon_item_Jiweijiu.png,,,,0,0,,
1017,转职前BGM房：打开纸条,纸条,打开,Icon_ItemMaterial01,UI_icon_item_toumingzhibu.png,,,,2018,0,,
1018,海利翁：石阀,石阀,使用,Icon_ItemConsumables01,UI_icon_item_shenmizixiang.png,,,,2018,0,,
1019,海利翁：打开衣服,有显影的衣服,查看,Icon_ItemMaterial03,UI_icon_item_Hanfu.png,,,,2018,0,,
1020,海利翁：打开稿纸,分析稿纸,查看,Icon_ItemMaterial01,UI_icon_item_toumingzhibu.png,,,,2018,0,,
1021,海利翁：魔法精粹,魔法精粹,使用,Icon_ItemMaterial02,UI_icon_item_molijiejing.png,,,,2018,0,,
1022,妙勒尼使用：信号弹,信号联络瓶,使用,Icon_ItemMaterial04,UI_icon_item_piaoliuxuyuanping.png,,,,2018,0,,
1023,妙勒尼使用：红药水,疗伤药剂,疗伤,Icon_ItemMaterial04,UI_icon_item_Tiaoranyaoji.png,,,,2018,0,,
1024,妙勒尼使用：笔记,雅各伯的笔记,查看,Icon_ItemEquip05,UI_icon_item_molishujidiyijuan.png,,,,2018,0,,
1025,斯芬克斯线使用,联络口哨,使用,Icon_ItemConsumables02,UI_icon_item_sushandekoushao.png,,,,2018,0,,
1026,斯芬克斯线使用,冒险家的笔记,查看,Icon_ItemMaterial03,UI_icon_item_beifengyindemofajuanzhou.png,,,,2018,0,,
1027,斯芬克斯线使用,石碑译文,查看,Icon_ItemMaterial03,UI_icon_item_beifengyindemofajuanzhou.png,,,,2018,0,,
1028,斯芬克斯线使用,石碑译文,查看,Icon_ItemMaterial03,UI_icon_item_beifengyindemofajuanzhou.png,,,,2018,0,,
1029,斯芬克斯线使用,石碑译文,查看,Icon_ItemMaterial03,UI_icon_item_beifengyindemofajuanzhou.png,,,,2018,0,,
1030,斯芬克斯线使用,罪者之血,使用,Icon_ItemMaterial02,UI_icon_item_jingmokuangshi.png,,,,2018,0,,
1031,斯芬克斯线使用,罪者之血,使用,Icon_ItemMaterial02,UI_icon_item_jingmokuangshi.png,,,,2018,0,,
1032,斯芬克斯线使用,紧急治疗药,治疗,Icon_ItemMaterial04,UI_icon_item_Tiaoranyaoji.png,,,,2018,0,,
1034,探索—迷雾之森,标记的北森地图,查看,Icon_ItemMaterial03,UI_icon_item_beifengyindemofajuanzhou.png,,,,2018,0,,
1035,探索—迷雾之森,冒险者笔记,查看,Icon_ItemMaterial03,UI_icon_item_beifengyindemofajuanzhou.png,,,,2018,0,,
1036,探索—迷雾之森,定向蝴蝶翅膀,使用,Icon_ItemConsumables01,UI_icon_item_hudiechibang.png,,,,2018,0,,
1037,探索—密林营救,欧文的手书,查看,Icon_ItemMaterial03,UI_icon_item_beifengyindemofajuanzhou.png,,,,2018,0,,
1038,探索—密林营救,曼特花,使用,Icon_ItemMaterial01,UI_icon_item_mantehua.png,,120022,8=72.52=1.15=129.41,2018,0,,
1039,探索—哀唱草,斐扬佚事,查看,Icon_ItemEquip05,UI_icon_item_molishujidiyijuan.png,,,,2018,0,,
1040,探索—哀唱草,卜书,查看,Icon_ItemMaterial03,UI_icon_item_beifengyindemofajuanzhou.png,,,,2018,0,,
1041,探索-童年噩梦,骑士团旧档案,查看,Icon_ItemMaterial01,UI_icon_item_weiduoshu.png,,,,2018,0,,
1042,探索-童年噩梦,帮助计划书,查看,Icon_ItemMaterial01,UI_icon_item_weiduoshu.png,,,,2018,0,,
1043,探索-童年噩梦,定向蝴蝶翅膀,使用,Icon_ItemConsumables01,UI_icon_item_hudiechibang.png,,,,2018,0,,
1044,探索-童年噩梦,[护身药水],使用,Icon_ItemConsumables01,UI_icon_item_manteliaoshangyao.png,,,,2008,0,,
1045,探索-童年噩梦,迷幻药剂,使用,Icon_ItemConsumables01,UI_icon_item_huangsenengliangye.png,,,,2018,0,,
1046,探索-童年噩梦,清醒药剂,使用,Icon_ItemConsumables01,UI_icon_item_dishuxingdikangyaoshui.png,,,,2018,0,,
1047,探索-梦罗克应援团,委托函,查看,Icon_ItemMaterial01,UI_icon_item_weiduoshu.png,,,,2018,0,,
1048,探索-梦罗克应援团,委托清单,查看,Icon_ItemMaterial01,UI_icon_item_weiduoshu.png,,,,2018,0,,
1049,探索-梦罗克应援团,陈旧的通知函,查看,Icon_ItemMaterial04,UI_icon_item_Fugao.png,,,,2018,0,,
1050,冒险-下水道线补充,定向蝴蝶翅膀,使用,Icon_ItemConsumables01,UI_icon_item_hudiechibang.png,,,,2018,0,,
1051,前期——职业手册,手册,查看,Icon_ItemEquip05,UI_icon_item_molishujidiyijuan.png,,,,2018,0,,
1052,冒险-下水道讨伐证明,下水道讨伐证明,递上,Icon_ItemMaterial04,UI_icon_item_Xinjian_B.png,,,,2019,0,,
1053,冒险-下水道变身药水,变身药水,使用,Icon_ItemMaterial01,UI_icon_item_jiujing.png,,,,2006,0,,
1054,勋章任务火线救援,疗伤药剂,使用,Icon_ItemMaterial04,UI_icon_item_Tiaoranyaoji.png,,,,2018,0,,
1055,船长的委托,凉水,使用,Icon_ItemConsumables01,UI_icon_item_shuihu.png,,,,2018,0,,
1056,新手村限时波利串串,限时波利串串,使用,Icon_Vehicles01,UI_icon_item_Bolizuoji.png,,,,0,0,,
1057,武僧转职职业手册,手册,查看,Icon_ItemEquip05,UI_icon_item_molishujidiyijuan.png,,,,2018,0,,
1058,武僧转职传到沉船迷宫,定向蝴蝶翅膀,使用,Icon_ItemConsumables01,UI_icon_item_hudiechibang.png,,,,2018,0,,
1059,武僧转职2020/9/14武道宗旨,武道宗旨,查看,Icon_ItemEquip05,UI_icon_item_molishujidiyijuan.png,,,,2018,0,,
1060,武僧转职二转：,试炼拳套,戴上,Icon_ItemEquip03,UI_icon_item_zhihuishoutao.png,,264,,2001,0,,
1061,武僧转职2020/9/14武道宗旨,考核综评,查看,Icon_ItemEquip05,UI_icon_item_molishujidiyijuan.png,,,,2018,0,,
1062,十字军转职职业手册,手册,查看,Icon_ItemEquip05,UI_icon_item_molishujidiyijuan.png,,,,2018,0,,
1063,十字军转职传送卷轴,传送卷轴,使用,Icon_ItemMaterial03,UI_icon_item_beifengyindemofajuanzhou.png,,,,2021,0,,
1064,暴君的列传1,残缺的信件,查看,Icon_ItemEquip05,UI_icon_item_molishujidiyijuan.png,,,,2018,0,,
1065,暴君的列传1,秘密信件,查看,Icon_ItemEquip05,UI_icon_item_molishujidiyijuan.png,,,,2018,0,,
1066,暴君的列传1,记忆水晶,使用,Icon_ItemConsumables02,UI_icon_item_jiyishuijingsuipian.png,,,,2005,0,,
1067,暴君的列传1,疗伤药剂,使用,Icon_ItemMaterial04,UI_icon_item_Tiaoranyaoji.png,,,,2018,0,,
1068,暴君的列传1,残破的记忆水晶,查看,Icon_ItemConsumables02,UI_icon_item_jiyishuijingsuipian.png,,,,2005,0,,
2000,,催眠试剂,喝下,Icon_ItemMaterial01,UI_icon_item_jiujing.png,,,,2006,0,,
2001,,魔法梳妆,化妆,Icon_ItemMaterial04,UI_icon_item_hongsexiangkuang.png,,803001,62=36.33=10.23=44.46,2005,0,,
2002,火,次元剥离卷轴,使用,Icon_ItemMaterial03,UI_icon_item_beifengyindemofajuanzhou.png,,2690302,16=52.97=17.03=103.87,2021,0,,
2003,风,次元剥离卷轴,使用,Icon_ItemMaterial03,UI_icon_item_beifengyindemofajuanzhou.png,,2690302,16=77.81=17.03=62.49,2021,0,,
2004,水,次元剥离卷轴,使用,Icon_ItemMaterial03,UI_icon_item_beifengyindemofajuanzhou.png,,2690302,16=77.81=17.03=62.49,2021,0,,
2005,地,次元剥离卷轴,使用,Icon_ItemMaterial03,UI_icon_item_beifengyindemofajuanzhou.png,,2690302,16=77.81=17.03=62.50,2021,0,,
2006,,念力手套,戴上,Icon_ItemEquip03,UI_icon_item_zhihuishoutao.png,,264,42=30.17=12.07=28.44,2001,0,,
2007,,念力手套,戴上,Icon_ItemEquip03,UI_icon_item_zhihuishoutao.png,,81,42=33=12=29.8,11,0,,
2008,,500铜币,递上,Icon_ItemConsumables01,UI_icon_item_Zeng.png,,,,2006,0,,
2009,,催眠药,喝下,Icon_ItemMaterial01,UI_icon_item_jiujing.png,,,,2006,0,,
2010,,蒸蟹螯★,吃下,Icon_ItemConsumables01,UI_icon_item_zhengpangxie.png,,,,2008,0,,
2011,剑士、服事、法师,技能学习卷轴,使用,Icon_ItemMaterial03,UI_icon_item_beifengyindemofajuanzhou.png,,81,4=103.47=10.17=102.29,2018,0,,
2012,,乐园团推荐书,查看,Icon_ItemMaterial04,UI_icon_item_Fugao.png,,,,2019,0,,
2013,,传送之阵卷轴,使用,Icon_ItemMaterial03,UI_icon_item_beifengyindemofajuanzhou.png,,81,,2021,0,,
2014,,天使之光卷轴,使用,Icon_ItemMaterial03,UI_icon_item_beifengyindemofajuanzhou.png,,63,7=171.41=10.80=222.18,2021,0,,
2015,,驱魔文献,查看,Icon_ItemConsumables02,UI_icon_item_Zidongdiaoyushu.png,,,,2019,0,,
2016,,银质器皿,使用,Icon_ItemEquip02,UI_icon_item_aoerliangdetiepan.png,,,,2021,0,,
2017,,圣光卷轴,使用,Icon_ItemMaterial03,UI_icon_item_beifengyindemofajuanzhou.png,,,,2021,0,,
2018,,驱魔经文,查看,Icon_ItemEquip05,UI_icon_item_molishujidiyijuan.png,,,,2019,0,,
2019,,催眠药,喝下,Icon_ItemMaterial01,UI_icon_item_jiujing.png,,,,2006,0,,
2020,,卡普拉传送券,使用,Icon_ItemMaterial01,UI_icon_item_jinglianquan.png,,,,2008,0,,
2021,,蒸蟹螯★,吃下,Icon_ItemConsumables01,UI_icon_item_zhengpangxie.png,,,,2008,0,,
2022,,见习弓手要则,阅读,Icon_ItemConsumables02,UI_icon_item_Zidongdiaoyushu.png,,264,,2019,0,,
2023,,心神凝聚,练习,Icon_ItemConsumables02,UI_icon_item_yongbingyongjizhongyaoshui.png,,81,52=78.09=10.38=96.56,2021,0,,
2024,,射箭,练习,Icon_ItemEquip03,UI_icon_item_lierenzhigong.png,,81,52=74.73=13.38=82.11,2016,0,,
2025,弓手、商人,技能学习卷轴,使用,Icon_ItemMaterial03,UI_icon_item_beifengyindemofajuanzhou.png,,81,45=115.09=32.92=77.08,2018,0,,
2026,,暗语,念诵,Icon_ItemMaterial03,UI_icon_item_beifengyindemofajuanzhou.png,,81,25=81.77=12.39=97.04,2027,0,,
2027,盗贼,技能学习卷轴,使用,Icon_ItemMaterial03,UI_icon_item_beifengyindemofajuanzhou.png,,81,28=89.45=11.58=168.07,2018,0,,
2028,,手推车许可,展示,Icon_ItemMaterial04,UI_icon_item_shoutuiche01.png,,,,2006,0,,
2029,,止血草,递上,Icon_ItemMaterial01,UI_icon_item_xinaleihua.png,,106,4=129=10.6=121,2006,0,,
2030,,委托物,接过,Icon_ItemMaterial04,UI_icon_item_Xinjian_B.png,,,,2019,0,,
2031,,卡普拉传送券,使用,Icon_ItemMaterial01,UI_icon_item_jinglianquan.png,,,,2008,0,,
2032,,乐园团移动券,使用,Icon_ItemMaterial01,UI_icon_item_jinglianquan.png,,,,2008,0,,
2033,,烤肉,放置,Icon_ItemMaterial04,UI_icon_Yezhurou.png,,,,2001,0,,
2034,,白面具,接过,Icon_ItemMaterial04,UI_icon_item_Baisemianju.png,,,,2005,,,
2035,,共鸣石,使用,Icon_ItemMaterial02,UI_icon_item_huangbaoshi.png,,,,2021,0,,
2036,,材料,递上,Icon_ItemMaterial01,UI_icon_item_shenzhijinshu.png,,264,,2006,0,,
2037,,财物,放置,Icon_ItemMaterial04,UI_icon_item_Wuzi.png,,264,44=46.73=4.19=35.47,2006,0,,
2038,,《卢恩史诗》,查看,Icon_ItemConsumables02,UI_icon_item_Zidongdiaoyushu.png,,,,2019,0,,
2039,,皇室驱魔祷文,查看,Icon_ItemConsumables02,UI_icon_item_Zidongdiaoyushu.png,,,,2019,0,,
2040,,封印卷轴,使用,Icon_ItemMaterial03,UI_icon_item_beifengyindemofajuanzhou.png,,803005,505=46.93=12.45=70.57,2021,0,,
2041,,封印卷轴,使用,Icon_ItemMaterial03,UI_icon_item_beifengyindemofajuanzhou.png,,803005,8=96.62=1.15=51.49,2021,0,,
2042,,锻造装备,练习,Icon_ItemMaterial04,UI_icon_item_hukeliandechuizi.png,,,,2014,0,,
2043,,残破的记忆水晶,修复,Icon_ItemMaterial02,UI_icon_item_hongsemolikuangshi.png,,,,2005,0,,
2044,,授勋许可,收下,Icon_ItemMaterial01,UI_icon_item_xinjian.png,,120022,7=101=10.7=120.6,2006,0,,
2045,,推荐信,递上,Icon_ItemMaterial01,UI_icon_item_xinjian.png,,120022,7=101=10.7=120.6,2006,0,,
2046,,定向蝴蝶翅膀,使用,Icon_ItemConsumables01,UI_icon_item_hudiechibang.png,,81,,2021,0,,
2047,,黄金盗虫卡片,查看,MonsterIcon_Boss001,Monster_HuangJinChong.png,,,,2014,0,,
2048,,珍稀红宝石,查看,Icon_ItemMaterial02,UI_icon_item_hongbaoshi.png,,,,2014,0,,
2049,,祭品,献上,Icon_ItemMaterial03,UI_icon_item_Jiachuxue.png,,,,2006,0,,
2050,,试炼石,捏碎,Icon_ItemMaterial02,UI_icon_item_huangbaoshi.png,,,,2014,0,,
2051,,苍蝇翅膀,使用,Icon_ItemConsumables01,UI_icon_item_cangyingchibang.png,,,,2014,0,,
2052,,冶炼之书,查看,Icon_ItemEquip05,UI_icon_item_molishujidiyijuan.png,,,,2019,0,,
2053,,锻造原料,淬火,Icon_ItemMaterial01,UI_icon_item_gangtie.png,,,,2020,0,,
2054,,锻造模型,收尾,Icon_ItemMaterial03,UI_icon_item_Yikelazuanshi.png,,,,2022,0,,
2055,,好喝的茶,喝茶,Icon_ItemConsumables01,UI_icon_item_putaozhiyaocaocha.png,,,,2008,0,,
2056,,定向蝴蝶翅膀,使用,Icon_ItemConsumables01,UI_icon_item_hudiechibang.png,,81,,2021,0,,
2057,,变身药剂,喝下,Icon_ItemMaterial04,UI_icon_item_Tiaoranyaoji.png,,,,2008,0,,
2058,,情报,偷取,Icon_ItemMaterial04,UI_icon_item_Fugao.png,,,,2014,0,,
2059,,情报,查看,Icon_ItemMaterial04,UI_icon_item_Fugao.png,,,,2014,0,,
2060,,秘密入口,开启,Icon_ItemMaterial02,UI_icon_item_huangbaoshi.png,,,,2021,0,,
2061,,油腻苍蝇翅膀,使用,Icon_ItemConsumables01,UI_icon_item_cangyingchibang.png,,120022,8=129=1=106,17,0,70,2
2062,,定向蝴蝶翅膀,使用,Icon_ItemConsumables01,UI_icon_item_hudiechibang.png,,81,,2021,0,,
2063,,点唱机,使用,Icon_ItemEquip04,UI_icon_item_yuelangxiongzhen.png,,,,2018,0,,
2064,,一缕头发,递上,Icon_ItemMaterial03,UI_icon_item_Changfa.png,,,,2006,0,,
2065,,星泪石,使用,Icon_ItemConsumables02,UI_icon_item_xingleishi.png,,264,,2006,0,,
2066,,传送之阵卷轴,使用,Icon_ItemMaterial03,UI_icon_item_beifengyindemofajuanzhou.png,,81,,2021,0,,
2067,,书库进入许可,接过,Icon_ItemMaterial05,UI_icon_item_yaoqinghan.png,,81,,2006,0,,
2068,,隐身药水,使用,Icon_ItemConsumables01,UI_icon_item_manteliaoshangyao.png,,803001,25=127.27=12.21=82.43,2008,0,,
2069,,初级剑术技巧,阅读,Icon_ItemConsumables01,UI_icon_item_laojiushoujice.png,,,,2019,0,,
2070,,初级魔法咒文,阅读,Icon_ItemConsumables01,UI_icon_item_laojiushoujice.png,,,,2019,0,,
2071,,初级服事圣典,阅读,Icon_ItemConsumables01,UI_icon_item_laojiushoujice.png,,,,2019,0,,
2072,,初级弓手技巧,阅读,Icon_ItemConsumables01,UI_icon_item_laojiushoujice.png,,,,2019,0,,
2073,,初级盗贼技巧,阅读,Icon_ItemConsumables01,UI_icon_item_laojiushoujice.png,,,,2019,0,,
2074,,初级商人技巧,阅读,Icon_ItemConsumables01,UI_icon_item_laojiushoujice.png,,,,2019,0,,
2075,,定向蝴蝶翅膀,使用,Icon_ItemConsumables01,UI_icon_item_hudiechibang.png,,,,2021,0,,
2076,,试炼用枯树枝,使用,Icon_ItemConsumables01,UI_icon_item_kushuzhi.png,,,,2021,0,,
2077,,触媒元素卷轴,使用,Icon_ItemMaterial03,UI_icon_item_beifengyindemofajuanzhou.png,,,,2021,0,,
2078,,所罗门小钥匙,阅读,Icon_ItemEquip05,UI_icon_item_molishujidiyijuan.png,,,,2019,0,,
2079,,元素检测卷轴,阅读,Icon_ItemMaterial03,UI_icon_item_beifengyindemofajuanzhou.png,,,,2021,0,,
3000,兽人时光机,时光机,使用,Icon_ItemMaterial04,UI_icon_Mozhi.png,,120022,,2016,0,,
3001,兽人阅读残卷,阅读残卷,阅读,Icon_ItemEquip01,UI_icon_item_leyuantuanshouce.png,,,,2018,0,,
3002,卡尔西梦灵石,梦灵石,使用,Icon_ItemMaterial01,UI_icon_item_qinglvbaoshi.png,,,,2006,0,,
3003,卡尔西敬献,礼物,敬献,Icon_ItemMaterial03,UI_icon_item_yishuxianhua.png,,264,,2015,0,,
3004,哥布灵,面具,使用,Icon_ItemHeadwear01,UI_icon_item_gebulinmianju.png,,120022,,2020,0,,
3005,狸猫,口哨,吹响,Icon_ItemConsumables02,UI_icon_item_sushandekoushao.png,,264,,2008,0,,
3060311,狸猫帮,变身药水,使用,Icon_ItemMaterial04,UI_icon_item_Tiaoranyaoji.png,,,,2008,0,,
3006,魔物学者,一壶水,浇灌,Icon_ItemConsumables01,UI_icon_item_shuihu.png,,,,2003,0,,
3007,魔物学者,能量体,装载,Icon_ItemMaterial03,UI_icon_item_zikasuipian.png,,120022,,2020,0,,
3008,魔物学者,道歉礼物,使用,Icon_ItemConsumables01,UI_icon_item_liaolicailiaobao.png,,,,2006,0,,
3009,魔物学者,变身药水,使用,Icon_ItemMaterial04,UI_icon_item_Tiaoranyaoji.png,,,,2005,0,,
3010,盗贼一转,硬币,投掷,Icon_ItemConsumables02,UI_Icon_Item_Poli.png,,,,2024,0,71,2
3011,盗贼一转,宝盒,打开,Icon_ItemConsumables01,UI_icon_item_baoxiang.png,,,,2018,0,,
3012,盗贼一转,钥石,启动,Icon_ItemMaterial02,UI_icon_item_huangbaoshi.png,,,,2007,0,,
3013,盗贼一转,硬币,使用,Icon_ItemConsumables01,UI_icon_item_huobi01.png,,,,2024,0,,
3014,盗贼一转,宝盒,打开,Icon_ItemConsumables01,UI_icon_item_baoxiang.png,,,,2018,0,,
3015,第七章：昏暗的普隆德拉,一瓶酒,递上,Icon_ItemMaterial04,UI_icon_item_Langmujiu.png,,,,2006,0,,
3016,第七章：昏暗的普隆德拉,镣铐,破坏,Icon_ItemEquip02,UI_icon_item_heihuxianglian.png,,,,2020,0,,
3017,第七章：昏暗的普隆德拉,变身药粉,使用,Icon_ItemMaterial04,UI_icon_item_hudiechibangfenmo.png,,803001,7=84.73=9.80=187.88,2005,0,,
3018,第七章：昏暗的普隆德拉,照片,捡起,Icon_ItemMaterial05,UI_Icon_item_XiangZhi.png,,,,2005,0,,
3019,第七章：昏暗的普隆德拉,光粒结晶,使用,Icon_ItemMaterial01,UI_icon_item_guangli.png,,,,2005,0,,
3020,第七章：昏暗的普隆德拉,光粒结晶,使用,Icon_ItemMaterial01,UI_icon_item_guangli.png,,,,2005,0,,
3021,主线—昏暗的普隆德拉,照片,递上,Icon_ItemMaterial05,UI_Icon_item_XiangZhi.png,59.86,,,2018,0,,
3022,主线—昏暗的普隆德拉,卷轴,复原,Icon_ItemMaterial03,UI_icon_item_Laojiujuanzhou.png,,,,2019,0,,
3023,主线—昏暗的普隆德拉,卷发舞女照片,递上,Icon_ItemMaterial05,UI_Icon_item_XiangZhi.png,,,,2019,0,,
3024,主线—昏暗的普隆德拉,神秘人线索,查看,Icon_ItemMaterial01,UI_icon_item_xinjian.png,340.98,,,2018,0,,
3025,主线—昏暗的普隆德拉,药草,使用,Icon_ItemMaterial01,UI_icon_item_xinaleihua.png,,106,35=211.37=3.69=127.43,2007,0,,
3026,金字塔冒险线,库尔石,递上,Icon_ItemMaterial02,UI_icon_item_xingxingdejiao.png,,,,2006,0,,
3027,吉芬2F,吉芬塔历史,阅读,Icon_ItemMaterial02,UI_icon_item_baleimengdecanjuan.png,,,,2019,0,,
3028,吉芬2F,蝴蝶翅膀,使用,Icon_ItemConsumables01,UI_icon_item_hudiechibang.png,,120022,,2021,0,,
3029,吉芬2F,葛帔尼亚秘史,阅读,Icon_ItemMaterial03,UI_icon_item_Laojiujuanzhou.png,,,,2018,0,,
3030,吉芬2F,随身笔记,阅读,Icon_ItemMaterial04,UI_icon_item_Fugao.png,,,,2019,0,,
3031,坐骑线,芨芨草,喂养,Icon_ItemMaterial03,UI_icon_item_Huliweiba.png,,,,2006,0,,
3032,盗贼佣兵,一封信,阅读,Icon_ItemMaterial01,UI_icon_item_xinjian.png,,,,2018,0,,
3033,盗贼佣兵,吐真药剂,使用,Icon_ItemMaterial04,UI_icon_item_Tiaoranyaoji.png,,,,2006,0,,
3034,盗贼佣兵,保密协议,查看,Icon_ItemMaterial01,UI_icon_item_xinjian.png,,,,2018,0,,
3035,服事佣兵,猫粮,喂养,Icon_ItemMaterial02,UI_icon_item_qingbeiyu.png,,,,2005,0,,
3036,万圣节奇遇,《卢恩史诗》,查看,Icon_ItemConsumables02,UI_icon_item_Zidongdiaoyushu.png,,,,2019,0,,
3037,万圣节奇遇,设计图,查看,Icon_ItemMaterial03,UI_icon_item_Pojiuhuaxiang.png,,,,2019,0,,
3038,圣诞节奇遇,蝴蝶翅膀,使用,Icon_ItemConsumables01,UI_icon_item_hudiechibang.png,,120022,,2021,0,,
3039,丽芙进阶,草药手记,查看,Icon_ItemConsumables02,UI_icon_item_Zidongdiaoyushu.png,,,,2019,0,,
3040,朱诺主线1,《命运的乌鸦》,阅读,Icon_ItemConsumables02,UI_icon_item_Zidongdiaoyushu.png,,,,2019,0,,
3041,朱诺主线1,《命运的乌鸦》,阅读,Icon_ItemConsumables02,UI_icon_item_Zidongdiaoyushu.png,,,,2019,0,,
3042,朱诺主线1,共和国徽章,查看,Icon_ItemConsumables05,UI_Icon_ItemMaterial_gongheguozhengjian.png,,,,2018,0,,
3043,朱诺主线1,小纸条,查看,Icon_ItemMaterial01,UI_icon_item_toumingzhibu.png,,,,2018,0,,
3044,朱诺主线1,特别通行证,查看,Icon_ItemConsumables05,UI_Icon_ItemMaterial_gongheguotongxingzheng.png,,,,2018,0,,
3045,朱诺主线1,《残破的手册》,阅读,Icon_ItemConsumables02,UI_icon_item_Zidongdiaoyushu.png,,,,2019,0,,
3046,朱诺主线1,蝴蝶翅膀,使用,Icon_ItemConsumables01,UI_icon_item_hudiechibang.png,,120022,,2021,0,,
4000,主线—灵魂碎片,口供,查看,Icon_ItemMaterial04,UI_icon_item_Fugao.png,,,,2014,0,,
4001,主线—灵魂碎片,火场讣告,查看,Icon_ItemMaterial04,UI_icon_item_Fugao.png,,,,2014,0,,
4002,主线—灵魂碎片,卢恩新闻,查看,Icon_ItemMaterial04,UI_icon_item_Fugao.png,,,,2014,0,,
4003,主线—灵魂碎片,聚能水晶,使用,Icon_ItemMaterial03,UI_icon_item_Shenhongbaoshi.png,,,,2021,,,
4004,主线—建国神话,驱逐记录,查看,Icon_ItemMaterial04,UI_icon_item_Fugao.png,,,,2014,0,,
4005,主线—建国神话,记忆水晶,触摸,Icon_ItemMaterial02,UI_icon_item_hongsemolikuangshi.png,,,,2005,0,,
4006,主线—建国神话,照片,查看,Icon_ItemMaterial05,UI_Icon_item_XiangZhi.png,,,,2008,0,,
4007,主线—建国神话,照片,展示,Icon_ItemMaterial05,UI_Icon_item_XiangZhi.png,,,,2006,0,,
4008,主线—建国神话,照片,归还,Icon_ItemMaterial05,UI_Icon_item_XiangZhi.png,202.93,,,2006,0,,
4009,主线—建国神话,宝妮给的东西,查看,Icon_ItemMaterial02,UI_icon_item_hongsemolikuangshi.png,,,,2006,0,,
4010,主线—建国神话,纸条,查看,Icon_ItemConsumables02,UI_icon_item_pojiudezhitiao.png,,,,2018,0,,
4011,主线—灵魂碎片,变身药水,喝下,Icon_ItemMaterial04,UI_icon_item_Tiaoranyaoji.png,,110003,7=137.57=10.80=221.17,9,0,,
4012,支线—项链,A级任务单,查看,Icon_ItemMaterial05,UI_icon_item_yaoqinghan.png,,,,2006,0,,
4013,引导——火线救援,疗伤药水,喂服,Icon_ItemMaterial04,UI_icon_item_Tiaoranyaoji.png,,,,2008,0,,
4014,四时之诗,纸条,查看,Icon_ItemConsumables02,UI_icon_item_pojiudezhitiao.png,,,,2018,0,,
4015,魔法项链,魔物图鉴,查看,Icon_ItemEquip05,UI_icon_item_molishujidiyijuan.png,,,,2018,0,,
4016,萌物小分队,寻找指南,查看,Icon_ItemMaterial04,UI_icon_item_Fugao.png,,,,2018,0,,
4017,真理旅人,变身药水,喝下,Icon_ItemMaterial04,UI_icon_item_Tiaoranyaoji.png,,,,2008,0,,
4018,丢失的物资,卢恩新闻简报,阅读,Icon_ItemMaterial04,UI_icon_item_Fugao.png,,,,2018,0,,
4019,暗杀之刃,撕下的日记,查看,Icon_ItemMaterial04,UI_icon_item_Fugao.png,,,,2018,0,,
4020,遥远的故乡,乔那丹的笔记,归还,Icon_ItemEquip05,UI_icon_item_molishujidiyijuan.png,,,,2018,0,,
4021,遥远的故乡,掉落的纸条,查看,Icon_ItemConsumables02,UI_icon_item_pojiudezhitiao.png,,,,2018,0,,
4022,失踪的骑士团,任务详情,查看,Icon_ItemMaterial04,UI_icon_item_Fugao.png,,,,2008,0,,
4023,失踪的骑士团,调查资料,查看,Icon_ItemMaterial04,UI_icon_item_Fugao.png,,,,2008,0,,
4024,猎人的请求,伤口,包扎,Icon_ItemMaterial04,UI_icon_item_fulanbengdai.png,,,,2001,0,,
4025,远古石板,武器装备史上,阅读,Icon_ItemMaterial04,UI_icon_item_Fugao.png,,,,2018,0,,
4026,远古石板,武器装备史下,阅读,Icon_ItemMaterial04,UI_icon_item_Fugao.png,,,,2018,0,,
4027,远古石板,纸条,查看,Icon_ItemConsumables02,UI_icon_item_pojiudezhitiao.png,,,,2018,0,,
4028,被困的超魔导师,吉芬塔地图,查看,Icon01,UI_Icon_Huodong.png,,,,2006,0,,
4029,被困的超魔导师,超魔导书,打开,Icon_ItemEquip05,UI_icon_item_molishujidiyijuan.png,,,,2018,0,,
4030,地底的裂隙,吉芬史书,阅读,Icon_ItemEquip05,UI_icon_item_molishujidiyijuan.png,,,,2018,0,,
4031,地底的裂隙,调查笔记,查看,Icon_ItemMaterial04,UI_icon_item_Fugao.png,,,,2018,0,,
4032,诗人的战歌,尼伯龙根之戒上,阅读,Icon_ItemMaterial04,UI_icon_item_Fugao.png,,,,2018,0,,
4033,诗人的战歌,尼伯龙根之戒下,阅读,Icon_ItemMaterial04,UI_icon_item_Fugao.png,,,,2018,0,,
4034,洞窟危机,磷粉,点燃,Icon_ItemMaterial04,UI_icon_item_hudiechibangfenmo.png,,,,2018,0,,
4035,边境暴动,沾血的调查报告,查看,Icon_ItemMaterial04,UI_icon_item_Fugao.png,,,,2008,0,,
4036,边境暴动,调查资料,查看,Icon_ItemMaterial04,UI_icon_item_Fugao.png,,,,2008,0,,
4037,宝藏攻略日记,口哨,吹响,Icon_ItemMaterial05,UI_icon_item_koushao.png,,,,2008,0,,
4038,海洋之心,材料清单,查看,Icon_ItemMaterial04,UI_icon_item_Fugao.png,,,,2018,0,,
4039,野猪风波,火药粉末,安置,Icon_ItemMaterial02,UI_icon_item_nengliangsuipian.png,,,,2015,0,,
4040,野猪风波,火药粉末,安置,Icon_ItemMaterial02,UI_icon_item_nengliangsuipian.png,,,,2015,0,,
4041,野猪风波,火药粉末,安置,Icon_ItemMaterial02,UI_icon_item_nengliangsuipian.png,,,,2015,0,,
4042,百草图鉴,百草图鉴,查看,Icon_ItemEquip05,UI_icon_item_molishujidiyijuan.png,,,,2018,0,,
4043,支线-英魂的列传,大事件卷宗,查看,Icon_ItemMaterial02,UI_icon_item_baleimengdecanjuan.png,,,,2019,0,,
4044,支线-英魂的列传,戒指样式,查看,Icon_ItemEquip04,UI_icon_item_qumojiezhi.png,,,,2019,0,,
4045,支线-英魂的列传,气息符文,使用,Icon_ItemMaterial03,UI_icon_item_Fanhunfu.png,,,,2021,0,,
4046,支线-英魂的列传,老旧信件,阅读,Icon_ItemMaterial01,UI_icon_item_xinjian.png,,,,2018,0,,
4047,支线-英魂的列传,记忆水晶,触摸,Icon_ItemMaterial02,UI_icon_item_hongsemolikuangshi.png,,,,20001,0,,
4048,支线-追踪神之心,神话书籍,阅读,Icon_ItemEquip05,UI_icon_item_molishujidiyijuan.png,,,,2018,0,,
4049,支线-追踪神之心,贤者笔记,查看,Icon_ItemMaterial04,UI_icon_item_Fugao.png,,,,2018,0,,
4050,支线-追踪神之心,苦痛记忆水晶,触摸,Icon_ItemMaterial02,UI_icon_item_hongsemolikuangshi.png,,,,20001,0,,
4051,支线-诅咒的梦境,驱散卷轴,使用,Icon_ItemMaterial03,UI_icon_item_beifengyindemofajuanzhou.png,,,,20001,0,,
4052,支线-贤者回忆录,佣兵之乱报告,查看,Icon_ItemMaterial04,UI_icon_item_Fugao.png,,,,2018,0,,
4053,支线-贤者回忆录,贤者笔记,查看,Icon_ItemEquip05,UI_icon_item_molishujidiyijuan.png,,,,2018,0,,
4054,支线-普隆德拉往事,逮捕令,查看,Icon_ItemMaterial02,UI_icon_item_baleimengdecanjuan.png,,,,2019,0,,
4055,支线-普隆德拉往事,玛莎的日记,阅读,Icon_ItemEquip05,UI_icon_item_molishujidiyijuan.png,,,,2018,0,,
4056,支线-普隆德拉往事,Z团招募令,查看,Icon_ItemMaterial04,UI_icon_item_Fugao.png,,,,2018,0,,
4057,支线-普隆德拉往事,暗号纸条,查看,Icon_ItemConsumables02,UI_icon_item_pojiudezhitiao.png,,,,2018,0,,
4058,支线-盐化事件调查,刺客的信物,接过,Icon_ItemEquip04,UI_icon_item_qumojiezhi.png,,,,2019,0,,
4059,支线-盐化事件调查,情报书,阅读,Icon_ItemEquip05,UI_icon_item_molishujidiyijuan.png,,,,2018,0,,
4060,支线-盐化事件调查,调查报告,查看,Icon_ItemMaterial02,UI_icon_item_baleimengdecanjuan.png,,,,2019,0,,
4061,支线-彼女的身份,案件卷宗,查看,Icon_ItemMaterial02,UI_icon_item_baleimengdecanjuan.png,,,,2019,0,,
4062,支线-光与暗的重点,符咒,使用,Icon_ItemMaterial03,UI_icon_item_Fanhunfu.png,,,,2021,0,,
4063,宝藏攻略日记,宝藏线索,查看,Icon_ItemConsumables02,UI_icon_item_pojiudezhitiao.png,,,,2018,0,,
4064,远古石板,蘑菇汁液,喝下,Icon_ItemMaterial04,UI_icon_Ditelimiyaoshui.png,,,,2008,,,
4065,远古石板,拓印文稿,阅读,Icon_ItemMaterial01,UI_icon_item_xinjian.png,,,,2018,0,,
4066,船长的委托,提神药剂,使用,Icon_ItemMaterial04,UI_icon_Ditelimiyaoshui.png,,,,2006,0,,
4067,船长的委托,登记名录,查看,Icon_ItemMaterial02,UI_icon_item_baleimengdecanjuan.png,,,,2019,0,,
4068,将军魔碑,斐扬建成记载,阅读,Icon_ItemEquip05,UI_icon_item_molishujidiyijuan.png,,,,2019,0,,
4069,最后的驱魔,驱魔者日记,阅读,Icon_ItemEquip05,UI_icon_item_molishujidiyijuan.png,,,,2019,0,,
4070,最后的驱魔,奇异的石头,查看,Icon_ItemMaterial02,UI_icon_item_ninggudeyanjiang.png,,,,2018,0,,
4071,最后的驱魔,圣光项链,激活,Icon_ItemMaterial02,UI_icon_item_xingxingdejiao.png,,,,20001,0,,
4072,项链,解封的项链,查看,Icon_ItemMaterial04,UI_icon_item_Guazhui01.png,,,,2019,0,,
4073,项链,封印的项链,查看,Icon_ItemMaterial04,UI_icon_item_Guazhui02.png,,,,2019,0,,
4074,最后的驱魔,尘封的史书,阅读,Icon_ItemEquip05,UI_icon_item_molishujidiyijuan.png,,,,2019,0,,
4075,最后的驱魔,变身药水,喝下,Icon_ItemMaterial05,UI_icon_item_huangseyaoji.png,,,,2008,0,,
4076,神使的夙愿,洛基的手书,查看,Icon_ItemMaterial05,UI_icon_item_rijiben.png,,,,2019,0,,
4077,神使的夙愿,露希尔数据,查看,Icon_ItemMaterial04,UI_icon_item_Fugao.png,,,,2019,0,,
4078,佣兵锁孔,统御之证,接取,Icon_ItemMaterial04,UI_icon_item_Fugao.png,,,,2019,0,,
4079,贝鲁兹核心,说明书,查看,Icon_ItemMaterial04,UI_icon_item_Fugao.png,,,,2019,0,,
4080,贝鲁兹核心,铁民的传说,阅读,Icon_ItemMaterial05,UI_icon_item_rijiben.png,,,,2019,0,,
4081,贝鲁兹核心,波长捕捉装置,使用,Icon_ItemConsumables01,UI_icon_item_jinengchongzhibang.png,,,,2006,0,,
4082,挑战终环,驱魔圣水,涂抹,Icon_ItemMaterial05,UI_icon_item_baiseyaoji.png,,,,2005,0,,
4083,挑战终环,护身符,使用,Icon_ItemEquip01,UI_icon_item_tilixianglian.png,,,,2006,0,,
4084,挑战终环,留言条,查看,Icon_ItemConsumables02,UI_icon_item_pojiudezhitiao.png,,,,2018,0,,
4085,哀唱草传说,哀唱草,放置,Icon_ItemMaterial01,UI_icon_item_mantehua.png,,,,2018,0,,
4086,新王的号角,勇士招募令,查看,Icon_ItemMaterial04,UI_icon_item_Fugao.png,,,,2018,0,,
4087,新王的号角,推荐书,领取,Icon_ItemMaterial01,UI_icon_item_weiduoshu.png,,,,2019,0,,
4088,新王的号角,隐秘的信件,阅读,Icon_ItemMaterial01,UI_icon_item_xinjian.png,,,,2019,0,,
4089,新王的号角,留言条,查看,Icon_ItemConsumables02,UI_icon_item_pojiudezhitiao.png,,,,2019,0,,
4090,新王的号角,口哨,吹响,Icon_ItemMaterial05,UI_icon_item_koushao.png,,,,2008,0,,
4091,秋夕奇遇,参赛用诗,查看,Icon_ItemMaterial05,UI_icon_item_rijiben.png,,,,2019,0,,
4092,秋夕奇遇,父亲留下的信,阅读,Icon_ItemMaterial01,UI_icon_item_xinjian.png,,,,2018,0,,
4093,秋夕奇遇,带给母亲的信,阅读,Icon_ItemMaterial01,UI_icon_item_xinjian.png,,,,2018,0,,
4094,秋夕奇遇,宣发资料,查看,Icon_ItemMaterial05,UI_icon_item_rijiben.png,,,,2019,0,,
4095,秋夕奇遇,伤口,包扎,Icon_ItemMaterial04,UI_icon_item_fulanbengdai.png,,,,2001,0,,
4096,古城开门,染血的手书,查看,Icon_ItemMaterial05,UI_icon_item_xuejishoushu.png,,,,2018,0,,
4097,精炼共鸣引导,论文,查看,Icon_ItemMaterial04,UI_icon_item_Fugao.png,,,,2019,0,,
4098,引导任务,冒险者手记,阅读,Icon_ItemMaterial05,UI_icon_item_rijiben.png,,,,2019,0,,
4099,引导任务,冒险者手记,翻看,Icon_ItemMaterial05,UI_icon_item_rijiben.png,,,,2019,0,,
4100,钟楼预热,爆炸药剂,安置,Icon_ItemMaterial04,UI_icon_item_Tiaoranyaoji.png,,,,2015,0,,
4101,钟楼预热,老师的遗嘱,查看,Icon_ItemMaterial04,UI_icon_item_Fugao.png,,,,2014,0,,
4102,钟楼预热,抗石化药剂,喝下,Icon_ItemMaterial04,UI_icon_item_Zhengliushui.png,,,,2008,0,,
4103,钟楼主线,石化病人分布热图,查看,Icon01,UI_Icon_Huodong.png,,,,2019,0,,
4104,钟楼主线,加强版抗石化药,喝下,Icon_ItemMaterial04,UI_icon_item_Zhengliushui.png,,,,2008,0,,
4105,钟楼主线,对讲机,使用,Icon_ItemConsumables03,UI_icon_item_duijiangji.png,,,,2018,0,,
4106,钟楼主线,时空调查团资料,阅读,Icon_ItemMaterial04,UI_icon_item_Fugao.png,,,,2019,0,,
4107,钟楼主线,特殊材质的手套,使用,Icon_ItemEquip03,UI_icon_item_zhihuishoutao.png,,,,2001,0,,
4999,鹿用道具结束,结束（防止报错）,查看,Icon_ItemConsumables02,UI_icon_item_pojiudezhitiao.png,,,,2018,,,
5000,人鱼线：使用人鱼的眼泪,人鱼的眼泪,使用,Icon_ItemMaterial04,UI_icon_item_Molisuipian.png,,,,2006,0,,
5001,人鱼线：使用安神药水,安神药水,使用,Icon_ItemMaterial01,UI_icon_item_jiujing.png,,,,2007,0,,
5002,法师二转,500铜币,递上,Icon_ItemConsumables01,UI_icon_item_Zeng.png,,,,2006,0,,
5003,法师二转,冰淇淋,递上,Icon_ItemConsumables02,UI_icon_item_bingqilin.png,,,,2006,0,,
5004,法师二转,50000铜币,递上,Icon_ItemConsumables01,UI_icon_item_Zeng.png,,,,2006,0,,
5016,商人一转,入会文书,签署,Icon_ItemMaterial04,UI_icon_item_Fugao.png,,,,2014,0,,
5017,商人一转,钱币,使用,Icon_ItemConsumables01,UI_icon_item_huobi02.png,,,,2006,0,,
5018,商人一转,临时手推车,使用,Icon_ItemMaterial04,UI_icon_item_shoutuiche01.png,,,,2006,0,,
5019,30伊思鲁得,糖果,使用,Icon_ItemHeadwear01,UI_icon_item_hanzaizuilidebangbangtang.png,,,,2006,0,,
5020,30伊思鲁得,朗姆酒,饮用,Icon_ItemMaterial04,UI_icon_item_Langmujiu.png,,,,2008,0,,
5021,40伊思鲁得,挑战介绍信,查看,Icon_ItemMaterial01,UI_icon_item_xinjian.png,,,,2006,0,,
5022,65级伊登的苹果,照片,收下,Icon_ItemMaterial05,UI_Icon_item_XiangZhi.png,,,,2019,0,,
5023,65级伊登的苹果,日记,查看,Icon_ItemConsumables02,UI_icon_item_molishoujice.png,,,,2019,0,,
5024,65级伊登的苹果,研究报告,查看,Icon_ItemConsumables02,UI_icon_item_Zidongdiaoyushu.png,,,,2019,0,,
5025,65级伊登的苹果,血滴,使用,Icon_ItemMaterial04,UI_icon_item_Tiaoranyaoji.png,,,,2019,0,,
5026,65级伊登的苹果,星星粉末,使用,Icon_ItemMaterial04,UI_icon_item_hudiechibangfenmo.png,,,,2022,0,,
5027,71级马车森林,地图,查看,Icon_ItemMaterial03,UI_icon_item_Laojiujuanzhou.png,,,,2014,0,,
5028,71级马车森林,试剂,使用,Icon_ItemMaterial01,UI_icon_item_jiujing.png,,,,2022,0,,
5029,71级马车森林,纸团,查看,Icon_ItemMaterial04,UI_icon_item_Fugao.png,,,,2019,0,,
5030,71级马车森林,药品,使用,Icon_ItemMaterial01,UI_icon_item_baiseranliao.png,,,,2014,0,,
5031,71级马车森林,研究报告,查看,Icon_ItemMaterial03,UI_icon_item_beifengyindemofajuanzhou.png,,,,2014,0,,
5032,78级克特森林,神秘信件,查看,Icon_ItemMaterial01,UI_icon_item_xinjian.png,,,,2014,0,,
5033,78级克特森林,酒,使用,Icon_ItemMaterial02,UI_icon_item_shengshui.png,,,,2006,0,,
5034,78级克特森林,绿宝石,使用,Icon_ItemMaterial01,UI_icon_item_lvbaoshi.png,,,,2006,0,,
5035,78级克特森林,回神药水,使用,Icon_ItemConsumables01,UI_icon_item_dishuxingdikangyaoshui.png,,877,56=75.23=20.00=213.63,2008,0,,
5036,78级克特森林,圣水,泼洒,Icon_ItemMaterial04,UI_icon_item_Yibeishui.png,,699,56=75.58=20.10=214.19,2022,0,,
5037,71级马车森林,物资,丢弃,Icon_ItemMaterial04,UI_icon_item_Wuzi.png,,877,54=88.85=20.09=161.33,2022,0,,
5038,挑战线,拉特的信,查看,Icon_ItemMaterial01,UI_icon_item_xinjian.png,,,,2018,0,,
5039,法师佣兵线,日记,打开,Icon_ItemConsumables02,UI_icon_item_molishoujice.png,,,,2019,0,,
5040,法师佣兵线,冰淇淋,给予,Icon_ItemConsumables02,UI_icon_item_bingqilin.png,,,,2019,0,,
5041,弓箭手佣兵线,箭袋,归还,Icon_ItemMaterial04,UI_icon_item_Caoyaodai.png,,,,2019,0,,
5042,弓箭手佣兵线,皮革,递交,Icon_ItemConsumables02,UI_icon_item_ChaoJianYingWaiPi.png,,,,2019,0,,
5043,剑士佣兵,战力表,查看,Icon_ItemMaterial04,UI_icon_item_Fugao.png,,,,2019,0,,
5044,剑士佣兵,佣兵条例,查看,Icon_ItemMaterial02,UI_icon_item_baleimengdecanjuan.png,,,,2019,0,,
5045,群岛冒险上,查看匕首,查看,Icon_ItemEquip05,UI_icon_item_chudao.png,,,,2014,0,,
6000,,露克希的灵魂碎片,展示,Icon_ItemMaterial04,UI_icon_item_Linghuisuipian.png,,264,,11,0,,
6001,,班波的信件,展示,Icon_ItemMaterial01,UI_icon_item_xinjian.png,,,,2006,0,,
6002,,破损的魔法结晶,同步,Icon_ItemMaterial02,UI_icon_item_hongsemolikuangshi.png,,,,2017,0,,
6003,,仪式药剂,使用,Icon_ItemMaterial01,UI_icon_item_faxingtiaoseji.png,,2018,,2018,0,,
6004,,触媒药剂,使用,Icon_ItemMaterial01,UI_icon_item_faxingtiaoseji.png,,2018,,2018,0,,
6005,,定位结果,查看,Icon_ItemMaterial02,UI_icon_item_molilanbaoshi.png,,2019,,2005,0,,
6006,,标注后的地图,查看,Icon01,UI_Icon_Huodong.png,,2019,,2006,0,,
6007,,可疑的盒子,打开,Icon_ItemConsumables01,UI_icon_item_shenmizixiang.png,,,,2018,0,,
6008,,残破记忆水晶,同步,Icon_ItemMaterial02,UI_icon_item_hongsemolikuangshi.png,,,,11,0,,
6009,,记忆照片,展示,Icon_ItemMaterial05,UI_Icon_item_XiangZhi.png,,,,2019,0,,
6010,,假装有个副本,副本开启（已废弃）,Icon_ItemMaterial02,UI_icon_item_caibaoxiang.png,,120022,,2005,0,,
6011,,信件,阅读,Icon_ItemMaterial01,UI_icon_item_xinjian.png,,120022,,2019,0,,
6012,,灵魂碎片,使用,Icon_ItemMaterial04,UI_icon_item_Linghuisuipian.png,,264,,2006,0,,
6013,,光粒结晶,使用,Icon_ItemMaterial01,UI_icon_item_guangli.png,,120022,,2021,0,,
6014,,假装有个副本,副本开启（已废弃）,Icon_ItemMaterial02,UI_icon_item_caibaoxiang.png,,120022,,2005,0,,
6015,,魔力感知仪,使用,Icon_ItemMaterial02,UI_icon_item_mofazhishi.png,,120022,,2021,0,,
6016,,传送石,使用,Icon_ItemMaterial02,UI_icon_item_saiyifa.png,,120022,,2021,0,,
6017,,报纸,查看,Icon_ItemMaterial04,UI_icon_item_Fugao.png,,120022,,2019,0,,
6018,,吊坠,查看,Icon_ItemMaterial04,UI_icon_item_Guazhui01.png,,,,2014,0,,
6019,,次元揭露卷轴,使用,Icon_ItemMaterial03,UI_icon_item_Laojiujuanzhou.png,,120022,,2021,0,,
6020,,给赛伊连的信件,撰写,Icon_ItemMaterial01,UI_icon_item_xinjian.png,,120022,,2018,0,,
6021,,证物,出示,Icon_ItemMaterial04,UI_icon_item_Fugao.png,,120022,,2006,0,,
6022,,次元分离卷轴,使用,Icon_ItemMaterial03,UI_icon_item_Laojiujuanzhou.png,,57,35=131.80=3.69=137.99,2021,0,,
6023,,次元,离开（已废弃）,Icon_ItemMaterial03,UI_icon_item_beifengyindemofajuanzhou.png,,120022,,2021,0,,
6024,,报纸,查看,Icon_ItemMaterial04,UI_icon_item_Fugao.png,,120022,,2019,0,,
6025,,鲜花,献上,Icon_ItemMaterial03,UI_icon_item_yishuxianhua.png,,120022,,2012,0,,
6026,,探望许可,出示,Icon_ItemMaterial04,UI_icon_item_Xinjian_K.png,272.12,120022,,2006,0,,
6027,,照片,展示,Icon_ItemMaterial05,UI_Icon_item_XiangZhi.png,340.77,120022,,2006,0,,
6028,,诡异的画,查看,Icon_ItemMaterial03,UI_icon_item_Pojiuhuaxiang.png,127.46,120022,,2019,0,,
6029,,催眠药剂,使用,Icon_ItemMaterial04,UI_icon_item_Yibeishui.png,,120022,,2008,0,,
6030,,联络口哨,使用,Icon_ItemMaterial03,UI_icon_item_hailuo.png,,120022,,2005,0,,
6031,,死海古卷,开启,Icon_ItemMaterial03,UI_icon_item_Laojiujuanzhou.png,,120022,,2005,0,,
6032,,照片(废弃不用),展示,Icon_ItemMaterial04,UI_icon_item_Xinjian_B.png,4.24,120022,,2006,0,,
6033,,药物,使用,Icon_ItemMaterial01,UI_icon_item_huangseranliao.png,,120022,,2005,0,,
6034,,海螺发簪,展示,Icon_ItemMaterial03,UI_icon_item_hailuo.png,,120022,,2006,0,,
6035,,古籍,翻阅,Icon_ItemConsumables01,UI_icon_item_laojiushoujice.png,,120022,,2005,0,,
6036,,符文,贴上,Icon_ItemMaterial03,UI_icon_item_Fanhunfu.png,,120022,,2005,0,,
6037,,《第一是爱》,阅读,Icon_ItemMaterial03,UI_icon_item_beifengyindemofajuanzhou.png,,120022,,2019,0,,
6038,,信件,递送,Icon_ItemMaterial01,UI_icon_item_xinjian.png,,120022,,2006,0,,
6039,,诗集(暂时作废),拿取,Icon_ItemMaterial05,UI_icon_item_yaoqinghan.png,,120022,,2005,0,,
6040,,日记,阅读,Icon_ItemConsumables01,UI_icon_item_jingyanshujob.png,,120022,,2019,0,,
6041,,记忆球,使用,Icon_ItemMaterial04,UI_icon_item_Chaojimolizuanshi.png,,120022,,2005,0,,
6042,,《第一是爱》,阅读,Icon_ItemMaterial02,UI_icon_item_baleimengdecanjuan.png,,120022,,2005,0,,
6043,,《伊瓦尔的终章》,阅读,Icon_ItemMaterial03,UI_icon_item_Laojiujuanzhou.png,,120022,,2005,0,,
6044,,召唤之石,使用,Icon_ItemMaterial02,UI_icon_item_misilikuangshi.png,,120022,,2005,0,,
6045,,艾力克日记,阅读,Icon_ItemConsumables01,UI_icon_item_laojiushoujice.png,,120022,,2005,0,,
6046,,密封信件,阅读,Icon_ItemMaterial05,UI_icon_item_yaoqinghan.png,,120022,,2005,0,,
6047,,《湮灭之城》,阅读,Icon_ItemConsumables01,UI_icon_item_laojiushoujice.png,,120022,,2019,0,,
6048,,合照,展示,Icon_ItemMaterial03,UI_icon_item_Pojiuhuaxiang.png,,120022,,2006,0,,
6049,,铃铛,展示,Icon_ItemMaterial04,UI_icon_Huiyan.png,,120022,,2006,0,,
6050,,记忆之球,使用,Icon_ItemMaterial01,UI_icon_item_shalekongjiejing.png,,120022,,2005,0,,
6051,第七章：昏暗的普隆德拉,卡普拉传送券,使用,Icon_ItemConsumables02,UI_icon_item_Jianshenfanghuiyuanquan.png,,120022,,2022,0,,
6052,第七章：昏暗的普隆德拉,卡普拉传送券,使用,Icon_ItemConsumables02,UI_icon_item_Jianshenfanghuiyuanquan.png,,120022,,2022,0,,
6053,,矿石,展示,Icon_ItemMaterial02,UI_icon_item_bulikan.png,,120022,,2006,0,,
6054,,口哨,吹响,Icon_ItemMaterial05,UI_icon_item_koushao.png,,120022,,2008,0,,
6055,,药草,使用,Icon_ItemMaterial01,UI_icon_item_mantehua.png,,120022,,2001,0,,
6056,,显像粉末,使用,Icon_ItemMaterial02,UI_icon_item_huangjingsha.png,,120022,,2022,0,,
6057,,蝴蝶翅膀,使用,Icon_ItemConsumables01,UI_icon_item_hudiechibang.png,,120022,,2018,0,,
6058,,《启示录》,阅读,Icon_ItemConsumables01,UI_icon_item_laojiushoujice.png,,120022,,2019,0,,
6059,,圣光卷轴,拿取,Icon_ItemMaterial03,UI_icon_item_beifengyindemofajuanzhou.png,,120022,,2017,0,,
6060,,圣光卷轴,使用,Icon_ItemMaterial03,UI_icon_item_beifengyindemofajuanzhou.png,,120022,,2022,0,,
6061,,魔化痕迹,展示,Icon_ItemMaterial03,UI_icon_item_Shenhongbaoshi.png,,120022,,2006,0,,
6062,,调查报告,查看,Icon_ItemMaterial04,UI_icon_item_Fugao.png,,120022,,2019,0,,
6063,,变身药剂,使用,Icon_ItemConsumables02,UI_icon_item_yongbingyongjizhongyaoshui.png,,120022,,2008,0,,
6064,,黑衣修士,束缚,Icon_ItemMaterial02,UI_icon_item_shuwei.png,,298,516=190.70=24.67=163.43,2151,0,,
6065,,信物,查看,Icon_ItemMaterial05,UI_icon_item_suijishipin.png,,120022,,2018,0,,
6066,,奈考提克手稿,查看,Icon_ItemMaterial02,UI_icon_item_baleimengdecanjuan.png,,120022,,2019,0,,
6067,,白衣修士,联系,Icon_ItemMaterial01,UI_icon_item_xinjian.png,,120022,,2018,0,,
6068,,定向蝴蝶翅膀,使用,Icon_ItemConsumables01,UI_icon_item_hudiechibang.png,,120022,,2022,0,,
6069,,定向蝴蝶翅膀,使用,Icon_ItemConsumables01,UI_icon_item_hudiechibang.png,,120022,,2022,0,,
6070,,神殿地图,查看,Icon_ItemMaterial04,UI_icon_Mangrenzhizheng.png,,120022,,2019,0,,
6071,,特权证书,查看,Icon_ItemMaterial01,UI_icon_item_weiduoshu.png,,120022,,2019,0,,
6072,,混合药剂,使用,Icon_ItemMaterial01,UI_icon_item_chiseranliao.png,,120022,,1004,0,,
6073,,纸条,查看,Icon_ItemMaterial04,UI_icon_item_Fugao.png,,120022,,2019,0,,
6074,,掉落的照片,捡起,Icon_ItemMaterial05,UI_Icon_item_XiangZhi.png,,120022,,2015,0,,
6075,,印记刺客资料,查看,Icon_ItemConsumables02,UI_icon_item_Zidongdiaoyushu.png,,120022,,2018,0,,
6076,,亲笔信,出示,Icon_ItemMaterial04,UI_icon_item_Xinjian_K.png,,120022,,2006,0,,
6077,,梦罗克编年史,查看,Icon_ItemConsumables01,UI_icon_item_laojiushoujice.png,,120022,,2019,0,,
6078,,蝴蝶翅膀,使用,Icon_ItemConsumables01,UI_icon_item_hudiechibang.png,,120022,,2022,0,,
6079,,所罗门之书,查看,Icon_ItemConsumables02,UI_icon_item_Zidongdiaoyushu.png,,120022,,2019,0,,
6080,,所罗门小秘能,使用,Icon_ItemMaterial02,UI_icon_item_baleimengdecanjuan.png,,120022,,2019,0,,
6081,,联系刺客公会,使用,Icon_ItemMaterial04,UI_icon_item_Xinjian_K.png,,120022,,2018,0,,
6082,,使用净化符文,使用,Icon_ItemMaterial03,UI_icon_item_toushicailiao.png,,120022,,2021,0,,
6083,,所罗门小钥匙,使用,Icon01,UI_Icon_jiyisuipian.png,,120022,,2019,0,,
6084,,蝴蝶翅膀,使用,Icon_ItemConsumables01,UI_icon_item_hudiechibang.png,,120022,,2022,0,,
6085,,所罗门之钥,检查,Icon_ItemMaterial04,UI_icon_item_Zhutifubenyaoshi.png,,120022,,2007,0,,
6086,,蝴蝶翅膀,使用,Icon_ItemConsumables01,UI_icon_item_hudiechibang.png,,120022,,2022,0,,
6087,,调查报告,阅读,Icon_ItemMaterial04,UI_icon_item_Fugao.png,,120022,,2019,0,,
6088,,吊坠,查看,Icon_ItemMaterial04,UI_icon_item_Guazhui01.png,,120022,,2018,0,,
6089,,大贤者现状照片,展示,Icon_ItemMaterial05,UI_Icon_item_XiangZhi.png,,120022,,2006,0,,
6090,,露希尔的纸条,查看,Icon_ItemMaterial04,UI_icon_item_Fugao.png,,120022,,2019,0,,
6091,,蝴蝶翅膀,使用,Icon_ItemConsumables01,UI_icon_item_hudiechibang.png,,120022,,2022,0,,
6092,,蝴蝶翅膀,使用,Icon_ItemConsumables01,UI_icon_item_hudiechibang.png,,120022,,2022,0,,
6093,,蝴蝶翅膀,使用,Icon_ItemConsumables01,UI_icon_item_hudiechibang.png,,120022,,2022,0,,
6094,,隐身药水,使用,Icon_ItemConsumables01,UI_icon_item_manteliaoshangyao.png,,803001,12=58.47=2.35=83.44,2008,0,,
6095,,神识药水,交付,Icon_ItemConsumables02,UI_icon_item_yongbingyongjizhongyaoshui.png,,120022,,2006,0,,
6096,,卢恩地理志,查看,Icon_ItemConsumables02,UI_icon_item_Zidongdiaoyushu.png,,120022,,2019,0,,
6097,,剧毒之刺传说,查看,Icon_ItemMaterial03,UI_icon_item_Laojiujuanzhou.png,,120022,,2019,0,,
6098,,未署名信件,查看,Icon_ItemMaterial04,UI_icon_item_Fugao.png,,120022,,2019,0,,
6099,,灵魂学古著,查看,Icon_ItemConsumables01,UI_icon_item_laojiushoujice.png,,120022,,2019,0,,
6100,,密函,打开,Icon_ItemMaterial01,UI_icon_item_xinjian.png,,120022,,2018,0,,
6101,,清醒药剂,使用,Icon_ItemMaterial01,UI_icon_item_jiujing.png,,120022,,2006,0,,
6102,,调查记录,阅读,Icon01,UI_Icon_Huodong.png,,120022,,2019,0,,
6103,,深海的呼唤,阅读,Icon_ItemConsumables02,UI_icon_item_Zidongdiaoyushu.png,,120022,,2019,0,,
6104,,人鱼的日记,阅读,Icon01,UI_Icon_Huodong.png,,120022,,2019,0,,
6105,,海神之血,浇筑,Icon_ItemMaterial02,UI_icon_item_jingmokuangshi.png,,877,519=147.57=24.23=94.53,2022,0,,
6106,,蝴蝶翅膀,使用,Icon_ItemConsumables01,UI_icon_item_hudiechibang.png,,120022,,2022,0,,
6107,,蝴蝶翅膀,使用,Icon_ItemConsumables01,UI_icon_item_hudiechibang.png,,120022,,2022,0,,
6108,,面具碎片,交还,Icon_ItemHeadwear01,UI_icon_item_gebulinmianju.png,,120022,,2006,0,,
6109,,印记刺客壁画,查看,Icon_ItemMaterial04,UI_icon_Mangrenzhizheng.png,,120022,,2019,0,,
6110,,记忆碎片,使用,Icon_ItemMaterial02,UI_icon_item_shenmishuijing.png,,120022,,2018,0,,
6111,,情报资料,查看,Icon01,UI_Icon_Youjian.png,,120022,,2019,0,,
6112,,吐真药剂,使用,Icon_ItemMaterial04,UI_icon_Kalebodiyaoshui.png,,120022,,2022,0,,
6113,,蝴蝶翅膀,使用,Icon_ItemConsumables01,UI_icon_item_hudiechibang.png,,120022,,2022,0,,
6114,骑士的镇魂歌,巫师的日记,查看,Icon_ItemMaterial05,UI_icon_item_rijiben.png,,120022,,2022,0,,
7000,,阿图姆图书,翻阅,Icon_ItemEquip05,UI_icon_item_molishujidiyijuan.png,,120022,,2006,0,,
7001,,罪者之血,使用,Icon_ItemMaterial02,UI_icon_item_jingmokuangshi.png,,803005,,2006,0,,
7002,,离人泪,饮用,Icon_ItemMaterial04,UI_icon_item_Langmujiu.png,,120022,,2008,0,,
7003,,玫瑰香,饮用,Icon_ItemMaterial04,UI_icon_item_Tiaoranyaoji.png,,120022,,2008,0,,
7004,,人鱼的日记,查看,Icon01,UI_Icon_Huodong.png,,120022,,2019,0,,
7005,,变身药水,使用,Icon_ItemMaterial04,UI_icon_item_Tiaoranyaoji.png,,120022,,2019,0,,
7006,,神秘的日记,查看,Icon_ItemEquip05,UI_icon_item_molishujidiyijuan.png,,120022,,2019,0,,
7007,,真理之匣,打开,Icon_ItemConsumables01,UI_icon_item_HunZuoKuangShi.png,,120022,,2019,0,,
7008,,神秘的日记,查看,Icon_ItemEquip05,UI_icon_item_molishujidiyijuan.png,,120022,,2019,0,,
7009,,信件,查看,Icon_ItemMaterial05,UI_icon_item_xuejishoushu.png,,,,2018,0,,
7010,,蝴蝶翅膀,使用,Icon_ItemConsumables01,UI_icon_item_hudiechibang.png,,120022,,2022,0,,
7011,炼金术士转职,定向蝴蝶翅膀,使用,Icon_ItemConsumables01,UI_icon_item_hudiechibang.png,,81,,2021,0,,
7012,炼金术士转职,炼金实习手记,阅读,Icon_ItemMaterial05,UI_icon_item_rijiben.png,,,,2019,0,,
7013,炼金术士转职,材料清单,查看,Icon_ItemMaterial04,UI_icon_item_Fugao.png,,,,2019,0,,
7014,炼金术士转职,定向蝴蝶翅膀,使用,Icon_ItemConsumables01,UI_icon_item_hudiechibang.png,,81,,2021,0,,
7015,米亚进阶任务,定向蝴蝶翅膀,使用,Icon_ItemConsumables01,UI_icon_item_hudiechibang.png,,81,,2021,0,,
7016,巴尼米乐斯获得,定向蝴蝶翅膀,使用,Icon_ItemConsumables01,UI_icon_item_hudiechibang.png,,81,,2021,0,,
8000,,怀表,查看,Icon_ItemMaterial04,UI_icon_item_Guazhui02.png,,120022,,2014,0,,
8001,,特制的粉末,使用,Icon_ItemConsumables01,UI_icon_item_manteliaoshangyao.png,,120022,,2022,0,,
8002,,笔记,查看,Icon_ItemEquip05,UI_icon_item_molishujidiyijuan.png,,,,2018,0,,
8003,,烤肉,使用,Icon_ItemMaterial04,UI_icon_Yezhurou.png,,120022,,2014,0,,
8004,,煎蛋,使用,Icon_ItemConsumables01,UI_icon_item_basixiangjiao.png,,120022,,2014,0,,
8005,,精灵的秘藏,查看,Icon_ItemConsumables02,UI_icon_item_Zidongdiaoyushu.png,,120022,,2014,0,,
8006,奇遇任务，魔锅蛋之灵,变身药水,使用,Icon_ItemMaterial04,UI_icon_item_Tiaoranyaoji.png,,120022,,2019,0,,
8007,吉芬3F冒险线,蝴蝶翅膀,使用,Icon_ItemConsumables01,UI_icon_item_hudiechibang.png,,120022,,2021,0,,
8008,吉芬3F冒险线,随身笔记,展示,Icon_ItemEquip05,UI_icon_item_molishujidiyijuan.png,,120022,,2006,0,,
8009,吉芬3F冒险线,魔法结晶,使用,Icon_ItemMaterial04,UI_icon_item_Molishuijing.png,,120037,,2022,0,,
8010,双人契约,设计好的礼服,试穿,Icon_ItemMaterial03,UI_icon_item_Hanfu.png,,,,2008,0,,
8011,gvg攻城战,蝴蝶翅膀,使用,Icon_ItemConsumables01,UI_icon_item_hudiechibang.png,,120022,,2021,0,,
8012,主线十九章,沙利尔的手书,查看,Icon_ItemMaterial04,UI_icon_item_Fugao.png,,,,2019,0,,
8013,主线十九章,预言诗,打开,Icon_ItemMaterial01,UI_icon_item_xinjian.png,,120022,,2018,0,,
8014,主线十九章,宝妮的来信,打开,Icon_ItemMaterial04,UI_icon_item_Xinjian_K.png,,120022,,2006,0,,
8015,主城二十章,古城地图,查看,Icon_ItemMaterial03,UI_icon_item_beifengyindemofajuanzhou.png,,,,2018,0,,
8016,主线二十一章,符文密码,翻阅,Icon_ItemEquip05,UI_icon_item_molishujidiyijuan.png,,120022,,2006,0,,
8017,主线二十一章,史官笔记,翻阅,Icon_ItemEquip05,UI_icon_item_molishujidiyijuan.png,,120022,,2006,0,,
8018,冒险线91级,古城资料,翻阅,Icon_ItemEquip05,UI_icon_item_molishujidiyijuan.png,,120022,,2006,0,,
8019,冒险线91级,记忆碎片,使用,Icon_ItemMaterial04,UI_icon_item_Molishuijing.png,,120037,,2022,0,,
8020,飞里乐生命体进阶,贤者之石,使用,Icon_ItemMaterial04,UI_icon_item_Molishuijing.png,,120037,,2022,0,,
8021,艾咪斯可鲁进阶,贤者之石,使用,Icon_ItemMaterial04,UI_icon_item_Molishuijing.png,,120037,,2022,0,,
8022,艾咪斯可鲁获得,定向蝴蝶翅膀,使用,Icon_ItemConsumables01,UI_icon_item_hudiechibang.png,,,,2018,0,,
8023,弓箭手二转职业手册,职业手册,翻阅,Icon_ItemEquip05,UI_icon_item_molishujidiyijuan.png,,120022,,2006,0,,
8024,舞娘转职推荐信,转职申请,递交,Icon_ItemMaterial04,UI_icon_item_Xinjian_K.png,,120022,,2006,0,,
8025,舞娘转职武器,试炼鞭子,使用,Icon_ItemEquip03,UI_icon_item_zhihuishoutao.png,,264,,2001,0,,
10001,委托任务，生命的奇迹用1,海螺,吹响,Icon_ItemMaterial03,UI_icon_item_hailuo.png,,,,2005,0,,
10002,委托任务，生命的奇迹用2,宝石,敲响,Icon_ItemMaterial02,UI_icon_item_hongbaoshi.png,,,,2006,0,,
9001,暗杀之刃,兽人之牙,使用,Icon_ItemMaterial01,UI_icon_item_bianfuya.png,,120022,,2014,0,,
9003,暗杀之刃,神秘的图纸,查看,Icon_ItemMaterial02,UI_icon_item_baleimengdecanjuan.png,,120022,,2014,0,,
9004,魔物进化论,带有猎鹰气味的药水,使用,Icon_ItemConsumables01,UI_icon_item_manteliaoshangyao.png,,,,2008,0,,
9005,挑战通用,职业考核通知函,查看,Icon_ItemMaterial04,UI_icon_item_Xinjian_K.png,,120022,,2006,0,,
9006,挑战通用,职业考核通知函,查看,Icon_ItemMaterial04,UI_icon_item_Xinjian_K.png,,120022,,2006,0,,
9007,挑战通用,职业考核通知函,查看,Icon_ItemMaterial04,UI_icon_item_Xinjian_K.png,,120022,,2006,0,,
9008,挑战通用,职业考核通知函,查看,Icon_ItemMaterial04,UI_icon_item_Xinjian_K.png,,120022,,2006,0,,
9009,挑战通用,职业考核通知函,查看,Icon_ItemMaterial04,UI_icon_item_Xinjian_K.png,,120022,,2006,0,,
9010,挑战通用,职业考核通知函,查看,Icon_ItemMaterial04,UI_icon_item_Xinjian_K.png,,120022,,2006,0,,
9011,挑战通用,职业考核通知函,查看,Icon_ItemMaterial04,UI_icon_item_Xinjian_K.png,,120022,,2006,0,,
9012,挑战通用,职业考核通知函,查看,Icon_ItemMaterial04,UI_icon_item_Xinjian_K.png,,120022,,2006,0,,
9013,奇遇任务，青春之匣,定向蝴蝶翅膀,使用,Icon_ItemConsumables01,UI_icon_item_hudiechibang.png,,,,2018,0,,
9014,93级冒险任务,《古城异闻录》,阅读,Icon_ItemEquip05,UI_icon_item_molishujidiyijuan.png,,,,2018,0,,
9015,93级冒险任务,给宝妮的信件,撰写,Icon_ItemMaterial01,UI_icon_item_xinjian.png,,120022,,2018,0,,
9016,93级冒险任务,哈因理西的日记,阅读,Icon_ItemConsumables01,UI_icon_item_jingyanshujob.png,,120022,,2019,0,,
9017,93级冒险任务,猩红宝珠,递上,Icon_ItemConsumables05,UI_icon_item_xinghongzhubao_red.png,,120022,,2006,0,,
9018,93级冒险任务,记忆水晶,查看,Icon_ItemMaterial02,UI_icon_item_hongsemolikuangshi.png,,,,2005,0,,
9019,圣诞奇遇：被遗忘的孩子,圣诞礼物,递上,Icon_ItemConsumables01,UI_icon_item_liaolicailiaobao.png,,,,2006,0,,
9020,引导-时空模拟战,贝鲁兹与钟楼历史,阅读,Icon_ItemEquip05,UI_icon_item_molishujidiyijuan.png,,,,2018,0,,
9021,引导-时空模拟战,时空发条,查看,Icon_ItemMaterial05,UI_Icon_ItemMaterial_shikongfatiao.png,,,,2005,0,,
9022,海洋的馈赠,海洋生物,递上,Icon_ItemMaterial02,UI_icon_item_qingbeiyu.png,,,,2005,0,,
9023,勋章任务魅力之谜,猫粮,归还,Icon_ItemMaterial02,UI_icon_item_qingbeiyu.png,,,,2006,0,,
9024,记忆碎片1案件信息,布匹被劫记录,查看,Icon_ItemMaterial03,UI_icon_item_beifengyindemofajuanzhou.png,,,,2018,0,,
9025,记忆碎片5,资料,查看,Icon_ItemMaterial03,UI_icon_item_beifengyindemofajuanzhou.png,,,,2018,0,,
9026,记忆碎片6,治愈药水,疗伤,Icon_ItemMaterial04,UI_icon_item_Tiaoranyaoji.png,,,,2018,0,,
9027,记忆碎片8,审问报告,阅读,Icon_ItemMaterial03,UI_icon_item_beifengyindemofajuanzhou.png,,,,2018,0,,
9028,引导-时空模拟战,宣传单,阅读,Icon_ItemMaterial03,UI_icon_item_beifengyindemofajuanzhou.png,,,,2018,0,,
10003,艾尔帕兰冒险,钱币,使用,Icon_ItemConsumables01,UI_icon_item_huobi02.png,,,,2006,0,,
10004,艾尔帕兰冒险,怀表,查看,Icon_ItemConsumables03,UI_icon_item_huaibiao01.png,,120022,,2014,0,,
10005,玩具工厂冒险,衣服,变装,Icon_ItemEquip05,UI_icon_item_shengtangchangpao.png,,,,2005,0,,
10006,23级支线,兀儿德的日记,查看,Icon_ItemEquip05,UI_icon_item_molishujidiyijuan.png,,120022,,2014,0,,
10007,朱诺冒险,信,阅读,Icon_ItemMaterial01,UI_icon_item_xinjian.png,,,,2018,0,,
11000,22章支线,定向蝴蝶翅膀,使用,Icon_ItemConsumables01,UI_icon_item_hudiechibang.png,,,,2022,0,,
11001,22章支线,时空调查团任务记录,翻阅,Icon_ItemEquip05,UI_icon_item_molishujidiyijuan.png,,120022,,2006,0,,
11002,22章支线,时空调查团任务记录2,描画笔迹,Icon_ItemConsumables01,UI_icon_item_baogao.png,,120022,,2006,0,,
11003,22章支线,兀儿德相关线索,阅读,Icon_ItemEquip05,UI_icon_item_molishujidiyijuan.png,,120022,,2006,0,,
11004,22章支线,定向蝴蝶翅膀,使用,Icon_ItemConsumables01,UI_icon_item_hudiechibang.png,,,,2022,0,,
11005,99级冒险任务,怀表,查看,Icon_ItemConsumables03,UI_icon_item_huaibiao01.png,,120022,,2018,0,,
11006,飞里乐获得任务,喂食飞里乐,喂食,Icon_ItemMaterial01,UI_icon_item_youzi.png,,,,2018,0,,
11007,99任务,定向蝴蝶翅膀,使用,Icon_ItemConsumables01,UI_icon_item_hudiechibang.png,,,,2018,0,,
11008,群岛开门章,草药,使用,Icon_ItemMaterial01,UI_icon_item_xinaleihua.png,,2692106,26=53.99=9.85=179.87,2006,0,,
11009,群岛开门章,打磨木头,打磨,Icon_ItemEquip01,UI_icon_item_leyuantuanchangjian.png,,,,2005,0,,
11010,诗人转职任务,定向蝴蝶翅膀,使用,Icon_ItemConsumables01,UI_icon_item_hudiechibang.png,,,,2018,0,,
11011,诗人转职任务,乐谱,阅读,Icon_ItemMaterial04,UI_icon_item_Fugao.png,,,,2019,0,,
11012,诗人转职任务,定向蝴蝶翅膀,使用,Icon_ItemConsumables01,UI_icon_item_hudiechibang.png,,,,2018,0,,
11013,诗人转职任务,第二张乐谱,阅读,Icon_ItemMaterial04,UI_icon_item_Fugao.png,,,,2019,0,,
11014,诗人舞娘转职任务,资料,递交,Icon_ItemMaterial01,UI_icon_item_xinjian.png,,,,2018,0,,
11015,魔法师转职职业手册,手册,查看,Icon_ItemEquip05,UI_icon_item_molishujidiyijuan.png,,,,2018,0,,
11016,盗贼转职职业手册,手册,查看,Icon_ItemEquip05,UI_icon_item_molishujidiyijuan.png,,,,2018,0,,
11017,转职申请表,转职申请表,填写,Icon_ItemMaterial04,UI_icon_item_Fugao.png,,,,2019,0,,
11018,贤者转职,蝴蝶翅膀,使用,Icon_ItemConsumables01,UI_icon_item_hudiechibang.png,,120022,,2021,0,,
11019,贤者转职,课题研究许可证,领取,Icon_ItemMaterial01,UI_icon_item_xinjian.png,,120022,,2006,0,,
11020,100J奇遇烘焙秘方,绿饼人饼干,品尝,Icon_ItemConsumables02,UI_icon_item_jiangbingren.png,,,,2018,0,,
11021,100J奇遇烘焙秘方,绿饼人饼干,品尝,Icon_ItemConsumables02,UI_icon_item_jiangbingren.png,,,,2018,0,,
12000,宠物引导,宠物药品,使用,Icon_ItemMaterial04,UI_icon_item_Yibeishui.png,,,,2018,0,,
12001,奇遇-永远的守候,齿轮核心,出示,Icon_ItemMaterial04,UI_icon_item_Fugao.png,,,,2006,0,,
12002,奇遇-永远的守候,日记,查看,Icon_ItemMaterial01,UI_icon_item_weiduoshu.png,,,,2018,0,,
12003,奇遇-永远的守候,铃铛,使用,Icon_ItemMaterial04,UI_icon_Mangrenzhizheng.png,,,,2005,0,,
12004,奇遇-玩偶王国,解读完毕的纸条,查看,Icon_ItemMaterial01,UI_icon_item_weiduoshu.png,,,,2018,0,,
12005,奇遇-玩偶王国,纸条,出示,Icon_ItemMaterial05,UI_icon_item_chilun1.png,,,,2006,0,,
12006,朱诺冒险,金属片,查看,Icon_ItemConsumables05,UI_Icon_ItemMaterial_jinshupian.png,,,,2018,0,,
12007,朱诺冒险,证件,查看,Icon_ItemMaterial01,UI_icon_item_weiduoshu.png,,,,2018,0,,
12008,朱诺冒险,照片,展示,Icon_ItemConsumables05,UI_Icon_ItemMaterial_qierzhaopian.png,,,,2018,0,,
12009,朱诺冒险,照片,展示,Icon_ItemConsumables05,UI_Icon_ItemMaterial_qierzhaopian.png,,,,2018,0,,
12010,朱诺冒险,字条,展示,Icon_ItemMaterial02,UI_icon_item_baleimengdecanjuan.png,,,,2018,0,,
12011,朱诺冒险,照片,展示,Icon_ItemConsumables05,UI_Icon_ItemMaterial_ailixiyahezhao.png,,,,2018,0,,
12012,朱诺冒险,戒指,查看,Icon_ItemConsumables05,UI_Icon_ItemMaterial_khjiezhi.png,,,,2018,0,,
12013,朱诺冒险,铁盒,打开,Icon_ItemMaterial04,UI_icon_item_wangzheyiwu.png,,,,2018,0,,
13000,佩特拉：打开纸条,纸条,打开,Icon_ItemMaterial03,UI_icon_item_Laojiujuanzhou.png,,,,2018,0,,
13001,宠物勋章使用,紧急治疗药,治疗,Icon_ItemMaterial04,UI_icon_item_Tiaoranyaoji.png,,,,2018,0,,
11025,天空套活动任务,解毒药剂,治疗,Icon_ItemMaterial04,UI_icon_item_Tiaoranyaoji.png,,2692106,47=100.94=20.32=204.17,2007,0,,
11026,天空套活动,由佩雷斯研究笔记,阅读,Icon_ItemEquip05,UI_icon_item_molishujidiyijuan.png,,,,2018,0,,
13010,卡片进阶,衣服碎片,递上,Icon_ItemEquip05,UI_icon_item_shengtangchangpao.png,,,,2005,0,,
